130
Hyemoschus_aquaticus_JN632650             0.0000000 0.5369546 0.5848254 0.6041534 0.6868844 0.6285454 0.6380325 0.4040066 0.7266569 0.7670574 0.6639531 0.8268715 0.7782442 0.7782442 0.6843966 0.6753497 0.6764135 0.6419695 0.6587599 0.6358276 0.6388108 0.6300175 0.7633780 0.6855487 0.6767334 0.6605610 0.8221191 0.8450034 0.8450034 0.8788709 0.8815406 0.8071161 0.8052584 0.7233518 0.7379546 0.6972158 0.6817760 0.6923081 0.6948473 0.7179717 0.7369666 0.6930057 0.7369666 0.6955315 0.6991420 0.7340513 0.7621737 0.7695485 0.7695485 0.6846280 0.6767326 0.7153515 0.8021663 0.8027744 0.8021663 0.7533700 0.7634939 0.7573393 0.7106108 0.7177308 0.8141943 0.8141943 0.7757721 0.7779450 0.7407913 0.7454773 0.6478109 0.6535915 0.6613865 0.6585386 0.6549479 0.7206567 0.7354667 0.6400055 0.6653954 0.6784021 0.6718384 0.6503644 0.6719914 0.6475957 0.6702362 0.6522173 0.6522173 0.6407824 0.6346485 0.6724152 0.6706542 0.6724152 0.6693850 0.6442479 0.6503644 0.6876346 0.6876346 0.6387050 0.7312366 0.7274502 0.7024801 0.7621437 0.7185520 0.7549861 0.7584609 0.7766289 0.7839725 0.8329014 0.7982991 0.7733842 0.7733842 0.7291706 0.7343272 0.7834305 0.6503887 0.6458977 0.6630012 0.6629719 0.6629719 0.6659110 0.6694494 0.7030250 0.8978095 0.7528021 0.6502107 0.6432103 0.6782688 0.5819354 0.7919494 0.6207229 0.5840845 0.6784809 0.6413972 0.6562001 
Okapia_johnstoni_JN632674                 0.5369546 0.0000000 0.2319593 0.2714413 0.2906678 0.2347452 0.3111563 0.2760386 0.3695429 0.3417131 0.2835959 0.3756947 0.3617676 0.3617676 0.3069927 0.3017629 0.2890074 0.2789182 0.2825393 0.2891435 0.2901882 0.2711113 0.3273327 0.3188211 0.3358628 0.2640332 0.3519223 0.3539767 0.3539767 0.3351801 0.3400033 0.3544687 0.3483912 0.3486417 0.3175705 0.3001341 0.2864751 0.2802040 0.2926537 0.2957119 0.2974375 0.3049200 0.2974375 0.2780135 0.2809001 0.2896190 0.3253334 0.3420952 0.3420952 0.2878016 0.2740586 0.2886612 0.3742199 0.3507051 0.3742199 0.3955691 0.3714042 0.3914234 0.2758298 0.2949523 0.3513887 0.3513887 0.3318756 0.3382925 0.3212849 0.3244744 0.2751197 0.2735710 0.2945221 0.2894805 0.2927795 0.3129960 0.3318772 0.2826431 0.3825928 0.2967124 0.2950249 0.3007811 0.3187455 0.3085133 0.3023393 0.3085133 0.3085133 0.2948758 0.2931965 0.3168631 0.3174098 0.3168631 0.3144649 0.3080459 0.3007811 0.3016373 0.3016373 0.2932282 0.2745044 0.3042829 0.3202976 0.2888725 0.3313355 0.3386772 0.3356690 0.3409539 0.3529333 0.3183586 0.3330282 0.3140167 0.3140167 0.3143419 0.3221996 0.3339607 0.2798514 0.2780359 0.2880892 0.2992949 0.2992949 0.2921590 0.2922425 0.2194832 0.2710932 0.2524145 0.2381158 0.2188764 0.2475034 0.2771788 0.2727979 0.2163769 0.2307143 0.2990637 0.2605540 0.2646913 
Antilocapra_americana_JN632597            0.5848254 0.2319593 0.0000000 0.3140544 0.3714666 0.2885583 0.3005678 0.2917378 0.3933286 0.4146565 0.2861603 0.4473326 0.4229368 0.4229368 0.3226614 0.3249356 0.3195394 0.3092979 0.3217653 0.3102726 0.3032584 0.3087715 0.3308579 0.3256578 0.3351738 0.2760763 0.4034577 0.3418453 0.3418453 0.3875433 0.3521613 0.3632033 0.3562014 0.3636268 0.3518978 0.3201625 0.3401172 0.3329134 0.3355339 0.3521725 0.3391621 0.3147111 0.3391621 0.3211905 0.3246124 0.3503094 0.3480726 0.3716670 0.3716670 0.3263166 0.3090213 0.3276565 0.3881274 0.3817107 0.3881274 0.3870606 0.3929092 0.3682608 0.3450792 0.3368505 0.3385582 0.3385582 0.3469223 0.3400312 0.3297572 0.3304751 0.2684095 0.2717974 0.3209566 0.3211066 0.3186991 0.3507659 0.3675743 0.3123964 0.4129784 0.3210575 0.3188454 0.2921902 0.2989478 0.2926154 0.2945738 0.2885576 0.2885576 0.3232953 0.3210968 0.3169859 0.3176295 0.3169859 0.3141653 0.2867466 0.2921902 0.3409027 0.3409027 0.3121687 0.2938691 0.3186391 0.3254688 0.3140226 0.3380496 0.3825698 0.3674859 0.3708053 0.3738929 0.3218578 0.3847347 0.3676063 0.3676063 0.3254612 0.3342683 0.3485265 0.2993697 0.2892481 0.2956470 0.3270977 0.3270977 0.3000335 0.3055760 0.2440892 0.3053851 0.2906301 0.3240309 0.3065372 0.2919786 0.3021289 0.3059629 0.2660114 0.2964903 0.3866095 0.3194898 0.2465332 
Moschus_moschiferus_FJ469675              0.6041534 0.2714413 0.3140544 0.0000000 0.3386436 0.2961421 0.3717931 0.3108383 0.3431677 0.3687364 0.2986064 0.4096679 0.3963419 0.3963419 0.3624549 0.3701324 0.3434637 0.3241856 0.3107672 0.3174465 0.3186112 0.3379071 0.3258872 0.3296022 0.3355258 0.2895196 0.3618830 0.3519186 0.3519186 0.3344370 0.3303996 0.3563293 0.3501922 0.3905861 0.3255198 0.3285149 0.3141869 0.3178017 0.2960375 0.3336221 0.3370895 0.3220607 0.3370895 0.3112887 0.3142260 0.3044874 0.3507148 0.3459665 0.3459665 0.3097516 0.3009745 0.3166787 0.3668452 0.3553916 0.3668452 0.3307635 0.3415498 0.3147200 0.3342768 0.3460543 0.3445733 0.3445733 0.3302621 0.3319533 0.3172930 0.3179367 0.2990329 0.3019471 0.3172812 0.3321817 0.3153371 0.3581326 0.3566499 0.3243737 0.4101264 0.3161650 0.3142224 0.3431683 0.3163896 0.3105046 0.3194714 0.3140967 0.3140967 0.3529106 0.3507200 0.3413120 0.3418847 0.3413120 0.3389192 0.3431208 0.3431683 0.3558052 0.3558052 0.3579354 0.3260857 0.3564776 0.3433070 0.3511421 0.3549392 0.3382082 0.3352478 0.3433893 0.3382269 0.3340357 0.3882908 0.3725304 0.3725304 0.3283482 0.3267235 0.3417175 0.3431807 0.3226456 0.3373856 0.3169399 0.3169399 0.3416671 0.3435660 0.2538167 0.3705174 0.3057564 0.3062060 0.2806658 0.2974412 0.3007286 0.3257709 0.2708650 0.2863027 0.3228316 0.3209247 0.3115082 
Tragelaphus_scriptus_AF022067             0.6868844 0.2906678 0.3714666 0.3386436 0.0000000 0.2704122 0.3831773 0.3467169 0.4188815 0.3917131 0.3932261 0.4600819 0.4438584 0.4438584 0.4725743 0.4473413 0.4374835 0.4136200 0.3915799 0.3913282 0.3930553 0.3960406 0.4207272 0.4199282 0.3733343 0.3691769 0.4310958 0.3740366 0.3740366 0.3957831 0.4043516 0.4279102 0.4209816 0.4510325 0.3687345 0.3502904 0.3509697 0.3634455 0.3456440 0.3828726 0.3883110 0.3550515 0.3883110 0.3343675 0.3377271 0.3360434 0.4075413 0.4001463 0.4001463 0.3260783 0.3155896 0.3341779 0.3809347 0.3964414 0.3809347 0.3935478 0.3992224 0.3922453 0.3813647 0.3921212 0.3882149 0.3882149 0.3740070 0.3699575 0.3652233 0.3595597 0.3483805 0.3560606 0.3559626 0.3554177 0.3578454 0.3883353 0.4158061 0.3454762 0.3633029 0.3370243 0.3389101 0.3698801 0.4106886 0.3956072 0.4031996 0.3956072 0.3956072 0.3671600 0.3689930 0.3730207 0.3664409 0.3730207 0.3701597 0.3698191 0.3698801 0.3746111 0.3746111 0.3698828 0.3650901 0.4054176 0.3864650 0.3852497 0.3997377 0.3927332 0.3960019 0.4066506 0.4142883 0.3965431 0.3984068 0.3962841 0.3962841 0.4005924 0.4129445 0.4377956 0.3713300 0.3854610 0.3697979 0.4135725 0.4135725 0.4119546 0.4117481 0.2870944 0.4496689 0.3395284 0.3256989 0.2670324 0.3455039 0.4005195 0.4103183 0.3278111 0.4024144 0.4571274 0.4026727 0.4298065 
Boselaphus_scriptus_EF536350              0.6285454 0.2347452 0.2885583 0.2961421 0.2704122 0.0000000 0.3562152 0.3747405 0.3717013 0.3989049 0.3370765 0.4074886 0.3880088 0.3880088 0.3382128 0.3288194 0.3624184 0.3440589 0.3225030 0.3094736 0.3106602 0.3413267 0.3312137 0.3299742 0.3289093 0.3037050 0.3572534 0.3267303 0.3267303 0.3085785 0.2455690 0.2987985 0.2925958 0.3636757 0.3273623 0.3112397 0.3051883 0.3106476 0.3006105 0.3278755 0.3535267 0.3510771 0.3535267 0.3029456 0.3060716 0.3081021 0.3814201 0.3598062 0.3598062 0.3173219 0.3077050 0.3248329 0.3622478 0.3900992 0.3622478 0.3445336 0.3588935 0.3341294 0.3198555 0.3421419 0.3566406 0.3566406 0.3411494 0.3480621 0.3296792 0.3330806 0.3097327 0.3102525 0.2910984 0.3064287 0.2892585 0.3273845 0.3402181 0.2986763 0.3434371 0.2994597 0.2976124 0.3275431 0.3071555 0.2965106 0.3067239 0.3006351 0.3006351 0.2983443 0.2964147 0.3168908 0.3148390 0.3168908 0.3194912 0.3274914 0.3275431 0.3077905 0.3077905 0.3094134 0.3014965 0.3390759 0.3339428 0.3123964 0.3401319 0.3180136 0.3148858 0.3199584 0.3328833 0.3427162 0.3574541 0.3503587 0.3503587 0.3433155 0.3465031 0.3658485 0.3168087 0.3202717 0.3059363 0.3480438 0.3480438 0.3397029 0.3442312 0.2296589 0.2902950 0.2380934 0.2194882 0.2920625 0.2859840 0.3187940 0.3029241 0.2432273 0.3270018 0.3468816 0.3252174 0.3480699 
Alces_alces_AJ000026                      0.6380325 0.3111563 0.3005678 0.3717931 0.3831773 0.3562152 0.0000000 0.0363562 0.2364569 0.2411683 0.2265738 0.2705128 0.2545196 0.2545196 0.2441704 0.2408524 0.2208590 0.2104652 0.1818742 0.1851717 0.1856635 0.1989704 0.2146201 0.2040419 0.2208534 0.1831624 0.1977363 0.2367757 0.2367757 0.1829648 0.2437693 0.2699163 0.2695894 0.2191151 0.2506071 0.2507069 0.2204817 0.1987369 0.2060462 0.2105338 0.2417934 0.2318464 0.2417934 0.2269514 0.2294837 0.2334756 0.2226726 0.2118566 0.2118566 0.2252131 0.2192752 0.2307052 0.2636329 0.2468030 0.2636329 0.2369119 0.2557752 0.2388673 0.2109525 0.2044951 0.2379394 0.2379394 0.2494279 0.2481853 0.2383007 0.2386202 0.1888307 0.1833615 0.2281044 0.2333776 0.2270389 0.2526487 0.2657517 0.2305561 0.2145856 0.2341810 0.2330997 0.2130202 0.2661930 0.2587705 0.2600782 0.2556462 0.2556462 0.2241045 0.2230754 0.2289135 0.2292761 0.2289135 0.2269587 0.2182182 0.2130202 0.2484257 0.2484257 0.2369111 0.2150435 0.2296272 0.2275024 0.2175448 0.2356985 0.2022993 0.2046386 0.2117421 0.2095104 0.2379746 0.2505812 0.2443751 0.2443751 0.2094004 0.2125356 0.2254377 0.2127846 0.1767256 0.2160116 0.2197741 0.2197741 0.2045140 0.2009066 0.1506824 0.1732588 0.1880907 0.1976467 0.2148847 0.1907064 0.1933918 0.2043620 0.2026196 0.1907464 0.1930712 0.1916830 0.1721187 
Alces_americanus_M98484                   0.4040066 0.2760386 0.2917378 0.3108383 0.3467169 0.3747405 0.0363562 0.0000000 0.2649108 0.0000010 0.2018853 0.2708275 0.2708275 0.2708275 0.2095231 0.2533892 0.2391562 0.2466362 0.2485265 0.2267135 0.2194923 0.2123080 0.2379510 0.2219709 0.2886045 0.2236453 0.2391896 0.2201715 0.2201715 0.2039337 0.2396673 0.2676829 0.2753058 0.2185861 0.2421475 0.2428264 0.2212560 0.2212560 0.2135481 0.2212560 0.2315246 0.1823866 0.2315246 0.2192588 0.2192588 0.2001817 0.2153030 0.2331689 0.2331689 0.1987903 0.1986750 0.2114790 0.2473364 0.2226343 0.2473364 0.2504410 0.2473364 0.2427996 0.2129958 0.2129958 0.2852727 0.2852727 0.2608733 0.2524236 0.2693544 0.2524236 0.1550841 0.1539723 0.2107512 0.2180537 0.2107512 0.2329063 0.2329063 0.2180537 0.4854027 0.2627932 0.2627932 0.2577373 0.2968289 0.2771499 0.2693208 0.2771499 0.2771499 0.2943063 0.2943063 0.2452402 0.2452402 0.2452402 0.2452402 0.2694635 0.2577373 0.3160455 0.3160455 0.2923149 0.2104417 0.2030613 0.2430817 0.2340825 0.2430817 0.2352843 0.2352843 0.2352843 0.2497411 0.2755921 0.2534013 0.2534013 0.2534013 0.2013319 0.2081959 0.2204965 0.2458550 0.2628656 0.2357923 0.2682612 0.2682612 0.2175975 0.2175975 0.1884227 0.1580128 0.2495479 0.1846314 0.2384740 0.1765649 0.2171003 0.2170898 0.2225200 0.2068117 0.2409867 0.2007175 0.2095961 
Axis_axis_AY607040                        0.7266569 0.3695429 0.3933286 0.3431677 0.4188815 0.3717013 0.2364569 0.2649108 0.0000000 0.0937223 0.0958166 0.2959947 0.2831011 0.2831011 0.2543290 0.2528636 0.1886639 0.1875717 0.1849615 0.1626117 0.1630037 0.1862874 0.1878405 0.1927568 0.2235483 0.1643162 0.2477715 0.2546285 0.2546285 0.2262649 0.2472824 0.2618905 0.2615758 0.2462821 0.2243693 0.2214740 0.2071083 0.2123171 0.2191637 0.2240697 0.2285977 0.2510018 0.2285977 0.2282273 0.2306800 0.2470262 0.2739211 0.2845481 0.2845481 0.2142157 0.2160073 0.2194290 0.2997182 0.2795885 0.2997182 0.2624342 0.2889612 0.2643159 0.2662485 0.2696381 0.2552297 0.2552297 0.2289025 0.2340000 0.2226512 0.2270915 0.1685581 0.1662279 0.1859272 0.1886320 0.1851593 0.1982187 0.2042256 0.1848178 0.1794786 0.1970626 0.1962217 0.2315601 0.2514931 0.2446739 0.2519021 0.2477105 0.2477105 0.2134648 0.2125236 0.2264866 0.2248993 0.2264866 0.2283992 0.2330823 0.2315601 0.2091926 0.2091926 0.2174627 0.2130897 0.2175869 0.2264277 0.2220296 0.2240684 0.2426502 0.2450804 0.2530103 0.2560026 0.2471455 0.2475809 0.2394471 0.2394471 0.2223336 0.2175157 0.2249587 0.1355596 0.1576825 0.1391540 0.1885288 0.1885288 0.1990852 0.2024009 0.2060467 0.2576079 0.2235181 0.2420317 0.1862371 0.2095776 0.2207626 0.2114404 0.1926409 0.1746335 0.1853522 0.1856005 0.2071535 
Axis_kuhlii_HQ893538                      0.7670574 0.3417131 0.4146565 0.3687364 0.3917131 0.3989049 0.2411683 0.0000010 0.0937223 0.0000000 0.0073438 0.2748056 0.2493658 0.2493658 0.2753305 0.2135996 0.1661295 0.1688357 0.1480833 0.1406653 0.1437877 0.1779113 0.1703390 0.1878836 0.2089670 0.1513373 0.2576158 0.2306317 0.2306317 0.2715102 0.2252661 0.2571483 0.2530209 0.2132362 0.2439136 0.2479195 0.2348355 0.2423713 0.2296686 0.2642640 0.2320756 0.2605479 0.2320756 0.2253591 0.2253591 0.2295890 0.2516327 0.2624129 0.2624129 0.2252504 0.2198517 0.2185106 0.2390018 0.2598266 0.2390018 0.2660992 0.2682892 0.2517557 0.2232924 0.2328403 0.2208801 0.2208801 0.2749577 0.2618494 0.2603554 0.2686198 0.1391125 0.1337731 0.1892991 0.1866345 0.1880031 0.1961870 0.1998470 0.1866345 0.1870135 0.1923919 0.1910905 0.1957513 0.2483458 0.2483458 0.2574637 0.2419919 0.2419919 0.1929307 0.1916210 0.1892642 0.1892642 0.1892642 0.1892642 0.1966058 0.1957513 0.2148178 0.2148178 0.1964560 0.1951098 0.2010911 0.2245044 0.2178316 0.2241902 0.2832938 0.2658565 0.2805413 0.2680240 0.2148668 0.2509296 0.2276470 0.2276470 0.2448594 0.2368344 0.2504674 0.1172832 0.1272300 0.1178552 0.1697256 0.1697256 0.1752859 0.1785639 0.1908564 0.2691530 0.1728557 0.2526182 0.1772110 0.1712529 0.2068367 0.1680498 0.1610633 0.1801734 0.1719313 0.1738810 0.1816329 
Axis_porcinus_DQ379301                    0.6639531 0.2835959 0.2861603 0.2986064 0.3932261 0.3370765 0.2265738 0.2018853 0.0958166 0.0073438 0.0000000 0.2498829 0.2334160 0.2334160 0.2281383 0.2104022 0.1580231 0.1523426 0.1454819 0.1338394 0.1341230 0.1550790 0.1583112 0.1580062 0.2006577 0.1280619 0.2236668 0.2020566 0.2020566 0.2112408 0.1989131 0.2280027 0.2277499 0.2177327 0.1995024 0.2035674 0.1992952 0.2084965 0.2040943 0.2200527 0.2027457 0.2174238 0.2027457 0.1894423 0.1894423 0.1994253 0.2128455 0.2234547 0.2234547 0.1852739 0.1873963 0.1901198 0.2302276 0.2317098 0.2302276 0.2313562 0.2420418 0.2259886 0.2021166 0.2133763 0.2195601 0.2195601 0.2330688 0.2296621 0.2247159 0.2249907 0.1393839 0.1343210 0.1584861 0.1642487 0.1578872 0.1768021 0.1824914 0.1609468 0.1788710 0.1675233 0.1668748 0.1853036 0.1952403 0.1899421 0.1962037 0.1872550 0.1872550 0.1642003 0.1635692 0.1800969 0.1785996 0.1800969 0.1783191 0.1863885 0.1853036 0.1887576 0.1887576 0.1860337 0.1888598 0.1981093 0.1964091 0.2114777 0.1982960 0.2426345 0.2331758 0.2409101 0.2417530 0.2085193 0.2058335 0.1914558 0.1914558 0.2143308 0.2060994 0.2180104 0.1026522 0.1254706 0.1029403 0.1670375 0.1670375 0.1564073 0.1542989 0.1825692 0.2067890 0.1971460 0.2025346 0.1547402 0.1562263 0.1832055 0.1680779 0.1505987 0.1600520 0.1891864 0.1690836 0.1710732 
Blastoceros_dichotomus_AY607038           0.8268715 0.3756947 0.4473326 0.4096679 0.4600819 0.4074886 0.2705128 0.2708275 0.2959947 0.2748056 0.2498829 0.0000000 0.0082269 0.0082269 0.2919025 0.2706290 0.2892205 0.2742483 0.2726790 0.2522563 0.2530448 0.2688140 0.3004989 0.2946772 0.2862075 0.2631988 0.1562412 0.1544006 0.1544006 0.1483837 0.1603670 0.1413887 0.1412700 0.3009819 0.2011100 0.1924497 0.1878266 0.1950243 0.1766245 0.2057675 0.2044071 0.2069849 0.2044071 0.2047138 0.2069272 0.2040044 0.1710342 0.1432205 0.1432205 0.1943618 0.1896651 0.1990044 0.1717572 0.1842348 0.1717572 0.1767207 0.1690257 0.1722631 0.1961693 0.2039574 0.2180529 0.2180529 0.2131162 0.2111925 0.2127485 0.2129758 0.2566791 0.2533809 0.2731029 0.2727208 0.2716523 0.2886742 0.3035184 0.2689711 0.2807121 0.2345587 0.2334063 0.2559775 0.2771453 0.2791407 0.2739181 0.2758240 0.2758240 0.2702916 0.2688634 0.2746290 0.2728779 0.2746290 0.2767964 0.2665820 0.2559775 0.2780951 0.2780951 0.2930462 0.2040425 0.2192984 0.2113568 0.2192361 0.2146277 0.1491631 0.1531218 0.1505098 0.1497399 0.2205226 0.2043664 0.1981147 0.1981147 0.2214508 0.2225194 0.2222475 0.2723553 0.2611673 0.2513507 0.2767673 0.2767673 0.2941072 0.2833037 0.1891493 0.1859096 0.1857495 0.1574426 0.2508835 0.1744496 0.1795736 0.1771465 0.1817245 0.3026945 0.3395464 0.2331402 0.2444675 
Blastocerus_dichotomus_470232025          0.7782442 0.3617676 0.4229368 0.3963419 0.4438584 0.3880088 0.2545196 0.2708275 0.2831011 0.2493658 0.2334160 0.0082269 0.0000000 0.0000010 0.2793264 0.2628233 0.2770986 0.2628321 0.2553041 0.2357274 0.2364297 0.2515333 0.2818539 0.2768340 0.2696595 0.2520740 0.1467204 0.1473557 0.1473557 0.1369152 0.1458471 0.1330214 0.1329148 0.2897057 0.1893539 0.1810597 0.1767843 0.1836299 0.1658058 0.1938015 0.1945659 0.1971148 0.1945659 0.1928651 0.1949876 0.1915295 0.1687566 0.1365512 0.1365512 0.1829098 0.1785681 0.1873192 0.1632012 0.1753184 0.1632012 0.1623409 0.1549596 0.1581221 0.1828373 0.1922358 0.2076229 0.2076229 0.2024705 0.2005102 0.2022344 0.2024321 0.2401128 0.2370220 0.2547865 0.2542509 0.2534995 0.2688415 0.2829055 0.2509384 0.2506748 0.2337058 0.2325768 0.2367337 0.2724762 0.2744101 0.2691912 0.2711133 0.2711133 0.2521329 0.2508663 0.2648271 0.2631112 0.2648271 0.2669395 0.2467708 0.2367337 0.2593673 0.2593673 0.2735302 0.1944292 0.2060874 0.2037018 0.2138000 0.2068347 0.1408745 0.1400036 0.1374004 0.1367402 0.2100726 0.1944256 0.1885359 0.1885359 0.2110212 0.2085557 0.2115970 0.2592600 0.2502086 0.2389828 0.2633935 0.2633935 0.2752021 0.2675197 0.1784056 0.1718564 0.1751270 0.1479321 0.2383241 0.1588654 0.1646673 0.1590473 0.1658195 0.2784789 0.3034464 0.2204670 0.2181107 
Blastocerus_dichotomus_JN632603           0.7782442 0.3617676 0.4229368 0.3963419 0.4438584 0.3880088 0.2545196 0.2708275 0.2831011 0.2493658 0.2334160 0.0082269 0.0000010 0.0000000 0.2793264 0.2628233 0.2770986 0.2628321 0.2553041 0.2357274 0.2364297 0.2515333 0.2818539 0.2768340 0.2696595 0.2520740 0.1467204 0.1473557 0.1473557 0.1369152 0.1458471 0.1330214 0.1329148 0.2897057 0.1893539 0.1810597 0.1767843 0.1836299 0.1658058 0.1938015 0.1945659 0.1971148 0.1945659 0.1928651 0.1949876 0.1915295 0.1687566 0.1365512 0.1365512 0.1829098 0.1785681 0.1873192 0.1632012 0.1753184 0.1632012 0.1623409 0.1549596 0.1581221 0.1828373 0.1922358 0.2076229 0.2076229 0.2024705 0.2005102 0.2022344 0.2024321 0.2401128 0.2370220 0.2547865 0.2542509 0.2534995 0.2688415 0.2829055 0.2509384 0.2506748 0.2337058 0.2325768 0.2367337 0.2724762 0.2744101 0.2691912 0.2711133 0.2711133 0.2521329 0.2508663 0.2648271 0.2631112 0.2648271 0.2669395 0.2467708 0.2367337 0.2593673 0.2593673 0.2735302 0.1944292 0.2060874 0.2037018 0.2138000 0.2068347 0.1408745 0.1400036 0.1374004 0.1367402 0.2100726 0.1944256 0.1885359 0.1885359 0.2110212 0.2085557 0.2115970 0.2592600 0.2502086 0.2389828 0.2633935 0.2633935 0.2752021 0.2675197 0.1784056 0.1718564 0.1751270 0.1479321 0.2383241 0.1588654 0.1646673 0.1590473 0.1658195 0.2784789 0.3034464 0.2204670 0.2181107 
Capreolus_capreolus_AJ000024              0.6843966 0.3069927 0.3226614 0.3624549 0.4725743 0.3382128 0.2441704 0.2095231 0.2543290 0.2753305 0.2281383 0.2919025 0.2793264 0.2793264 0.0000000 0.0478983 0.2358063 0.2231563 0.2281143 0.2125551 0.2169730 0.2348599 0.2297001 0.2495678 0.2368567 0.1990475 0.2352902 0.2690951 0.2690951 0.2106325 0.2235512 0.2291207 0.2288623 0.1699760 0.2276812 0.2162084 0.2090503 0.2052535 0.2055875 0.2169774 0.2134766 0.2112684 0.2134766 0.2199594 0.2223793 0.2227092 0.2466914 0.2353327 0.2353327 0.2182719 0.2127096 0.2234874 0.2527773 0.2585923 0.2527773 0.1960416 0.2323586 0.1979576 0.2248031 0.2375431 0.2411848 0.2411848 0.2434008 0.2419371 0.2325783 0.2370082 0.2063223 0.2150729 0.2157556 0.2249602 0.2147569 0.2356049 0.2462063 0.2222480 0.2466716 0.2200912 0.2190840 0.2068560 0.2039858 0.1982076 0.2019777 0.1982076 0.1982076 0.2268186 0.2257571 0.2246742 0.2230163 0.2246742 0.2266702 0.2121362 0.2068560 0.2392123 0.2392123 0.2366017 0.1954758 0.2230469 0.2428140 0.2187799 0.2468069 0.2177756 0.2153890 0.2178290 0.2259693 0.2292522 0.2628913 0.2503345 0.2503345 0.2426157 0.2416616 0.2542194 0.2327302 0.2058711 0.2360110 0.2249997 0.2249997 0.2427655 0.2380043 0.1716558 0.1904453 0.1904094 0.1972995 0.2051250 0.1607028 0.1820815 0.1689572 0.1652988 0.1781686 0.2039959 0.1632563 0.1863643 
Capreolus_pygargus_AJ000025               0.6753497 0.3017629 0.3249356 0.3701324 0.4473413 0.3288194 0.2408524 0.2533892 0.2528636 0.2135996 0.2104022 0.2706290 0.2628233 0.2628233 0.0478983 0.0000000 0.2200181 0.2082486 0.2164545 0.2104807 0.2147891 0.2344740 0.2226827 0.2504305 0.2356606 0.1997074 0.2524067 0.2824900 0.2824900 0.2341428 0.2415280 0.2491435 0.2488534 0.1663452 0.2269606 0.2368519 0.2100954 0.2157215 0.2114257 0.2277599 0.2182776 0.2149610 0.2182776 0.2145023 0.2169054 0.2143401 0.2518099 0.2417979 0.2417979 0.2080451 0.2027166 0.2131593 0.2339805 0.2654109 0.2339805 0.2252714 0.2212605 0.2125783 0.2283237 0.2399733 0.2295447 0.2295447 0.2501715 0.2529955 0.2432905 0.2477809 0.2043783 0.2092092 0.2129900 0.2279788 0.2120232 0.2364902 0.2469270 0.2252605 0.2366205 0.2129701 0.2120127 0.2114320 0.2188794 0.2127807 0.2225973 0.2127807 0.2127807 0.2215012 0.2204799 0.2233027 0.2216572 0.2233027 0.2252817 0.2206524 0.2114320 0.2438363 0.2438363 0.2371293 0.2224584 0.2547804 0.2500127 0.2374230 0.2540860 0.2425797 0.2332525 0.2359811 0.2416682 0.2259190 0.2739960 0.2610478 0.2610478 0.2337033 0.2288672 0.2363196 0.2023892 0.2039611 0.2018995 0.2319210 0.2319210 0.2578030 0.2527314 0.1725030 0.2030638 0.1831625 0.1813109 0.2007078 0.1788849 0.1939370 0.1904728 0.1778648 0.1971437 0.2164507 0.1773236 0.2039972 
Cervus_albirostris_AY044863               0.6764135 0.2890074 0.3195394 0.3434637 0.4374835 0.3624184 0.2208590 0.2391562 0.1886639 0.1661295 0.1580231 0.2892205 0.2770986 0.2770986 0.2358063 0.2200181 0.0000000 0.0053691 0.0738745 0.0600108 0.0598839 0.0595489 0.1699787 0.1306140 0.2182477 0.0953850 0.2324494 0.2650484 0.2650484 0.2076693 0.2714483 0.2737856 0.2734661 0.2595398 0.2032349 0.2142949 0.2068839 0.2045301 0.2000974 0.2158675 0.2305219 0.2304369 0.2305219 0.2040137 0.2063453 0.2167789 0.2379631 0.2436542 0.2436542 0.1977154 0.1927088 0.2026344 0.2554298 0.2610334 0.2554298 0.2502839 0.2540341 0.2545674 0.2320588 0.2389023 0.2308442 0.2308442 0.2338234 0.2403364 0.2270002 0.2313631 0.1347389 0.1342993 0.2073019 0.2046580 0.2064273 0.2070637 0.2219997 0.2024515 0.2217459 0.1989342 0.1981186 0.2059444 0.2310958 0.2251140 0.2260992 0.2223561 0.2223561 0.2155580 0.2146339 0.2205661 0.2209053 0.2205661 0.2186936 0.2108452 0.2059444 0.2247461 0.2247461 0.2163457 0.2169388 0.2272077 0.2114469 0.2337457 0.2190824 0.2623932 0.2576764 0.2607706 0.2663365 0.2387775 0.2756250 0.2654338 0.2654338 0.2057161 0.2087569 0.2068003 0.1362524 0.1037974 0.1451702 0.0845248 0.0845248 0.0780709 0.0826211 0.1874038 0.1963868 0.1964542 0.2232870 0.2058052 0.1930631 0.2156047 0.1871542 0.1777893 0.0685190 0.0842179 0.0846440 0.1185672 
Cervus_albirostris_AF423202               0.6419695 0.2789182 0.3092979 0.3241856 0.4136200 0.3440589 0.2104652 0.2466362 0.1875717 0.1688357 0.1523426 0.2742483 0.2628321 0.2628321 0.2231563 0.2082486 0.0053691 0.0000000 0.0680755 0.0570128 0.0568954 0.0554162 0.1622392 0.1257626 0.2070235 0.0888575 0.2216021 0.2532004 0.2532004 0.2106280 0.2744779 0.2738288 0.2735091 0.2414637 0.1986804 0.2096545 0.2023376 0.2045661 0.2001333 0.2159054 0.2141669 0.2158640 0.2141669 0.1994388 0.2017601 0.2118409 0.2260067 0.2325667 0.2325667 0.1931556 0.1882449 0.1980337 0.2436912 0.2491588 0.2436912 0.2503275 0.2540778 0.2546112 0.2274184 0.2349714 0.2184438 0.2184438 0.2297718 0.2361761 0.2229693 0.2273122 0.1268262 0.1264279 0.1963885 0.1937601 0.1955916 0.2021079 0.2168187 0.1917527 0.2245740 0.1884517 0.1877083 0.1916514 0.2107328 0.2053294 0.2061756 0.2026996 0.2026996 0.2043371 0.2034943 0.2055040 0.2058175 0.2055040 0.2036945 0.1962870 0.1916514 0.2093742 0.2093742 0.2012084 0.2031103 0.2229468 0.2073427 0.2191116 0.2149254 0.2624378 0.2577201 0.2608153 0.2663813 0.2261198 0.2694419 0.2594620 0.2594620 0.1962182 0.1991965 0.2068309 0.1328000 0.0969918 0.1415179 0.0809295 0.0809295 0.0780815 0.0764622 0.1874454 0.1964453 0.1964972 0.2233366 0.2058473 0.1931050 0.2156565 0.1872008 0.1778274 0.0723342 0.0886125 0.0867064 0.1185937 
Cervus_elaphus_JF489133                   0.6587599 0.2825393 0.3217653 0.3107672 0.3915799 0.3225030 0.1818742 0.2485265 0.1849615 0.1480833 0.1454819 0.2726790 0.2553041 0.2553041 0.2281143 0.2164545 0.0738745 0.0680755 0.0000000 0.0669661 0.0668208 0.0679086 0.1455776 0.1191411 0.1887081 0.0750209 0.2165925 0.2417427 0.2417427 0.2042682 0.2490070 0.2595111 0.2545728 0.2441508 0.2005061 0.1984710 0.1891008 0.1915059 0.1788410 0.2025736 0.1998363 0.2019819 0.1998363 0.1960270 0.1983235 0.2063316 0.2287040 0.2251619 0.2251619 0.1852819 0.1761750 0.1855144 0.2360881 0.2395892 0.2360881 0.2293291 0.2469901 0.2239790 0.2030387 0.2113478 0.2111942 0.2111942 0.2225071 0.2305564 0.2198088 0.2200665 0.1151524 0.1119846 0.1920273 0.1929052 0.1912577 0.2048237 0.2195065 0.1909204 0.1956428 0.1898573 0.1891007 0.1961570 0.1985436 0.1933308 0.1994501 0.1959995 0.1959995 0.1893417 0.1885827 0.1993607 0.1996652 0.1993607 0.1975688 0.2008210 0.1961570 0.2221202 0.2221202 0.2009820 0.1946929 0.2104668 0.2148498 0.1958126 0.2225802 0.2458478 0.2412957 0.2441547 0.2594398 0.2098523 0.2473242 0.2354367 0.2354367 0.1754951 0.1784580 0.1869223 0.1262213 0.0948424 0.1355557 0.0797704 0.0797704 0.0798573 0.0781871 0.1695179 0.1696299 0.1857239 0.2091843 0.2019165 0.1673484 0.1867780 0.1748777 0.1588213 0.0778524 0.1038040 0.0943594 0.1113945 
Cervus_elaphus_canadensis_AF423198        0.6358276 0.2891435 0.3102726 0.3174465 0.3913282 0.3094736 0.1851717 0.2267135 0.1626117 0.1406653 0.1338394 0.2522563 0.2357274 0.2357274 0.2125551 0.2104807 0.0600108 0.0570128 0.0669661 0.0000000 0.0017672 0.0497612 0.1357716 0.1137165 0.2062954 0.0847130 0.2138098 0.2323010 0.2323010 0.2178226 0.2390695 0.2407243 0.2358454 0.2347736 0.1876910 0.1923371 0.1809969 0.1834567 0.1877610 0.1942349 0.1930352 0.1969936 0.1930352 0.1780065 0.1802507 0.1948201 0.2270861 0.2336053 0.2336053 0.1763114 0.1674526 0.1765119 0.2405256 0.2419823 0.2405256 0.2322239 0.2522371 0.2316772 0.2098147 0.2075797 0.1881877 0.1881877 0.2090571 0.2148131 0.2024869 0.2066519 0.1109082 0.1046358 0.1768746 0.1742547 0.1761982 0.1799404 0.1937523 0.1725524 0.1762884 0.1815407 0.1808420 0.1765856 0.2055822 0.2003463 0.2011549 0.1977625 0.1977625 0.1632762 0.1626686 0.1827009 0.1829764 0.1827009 0.1809860 0.1809146 0.1765856 0.1905789 0.1905789 0.1879434 0.1880261 0.2006970 0.1894812 0.2010655 0.1967373 0.2344872 0.2368624 0.2347652 0.2522976 0.1906926 0.2296531 0.2206175 0.2206175 0.1851815 0.1810021 0.1858215 0.1216057 0.0834815 0.1277656 0.0820404 0.0820404 0.0636092 0.0647706 0.1490151 0.1877027 0.1544147 0.2020936 0.1856410 0.1768250 0.1852061 0.1758743 0.1599796 0.0697810 0.0900858 0.0860322 0.1190402 
Cervus_elaphus_canadensis_EF139147        0.6388108 0.2901882 0.3032584 0.3186112 0.3930553 0.3106602 0.1856635 0.2194923 0.1630037 0.1437877 0.1341230 0.2530448 0.2364297 0.2364297 0.2169730 0.2147891 0.0598839 0.0568954 0.0668208 0.0017672 0.0000000 0.0496629 0.1344660 0.1105604 0.2068316 0.0819249 0.2144155 0.2329863 0.2329863 0.2217450 0.2432037 0.2415652 0.2366638 0.2394949 0.1883087 0.1929762 0.1815759 0.1840395 0.1883717 0.1948731 0.1935579 0.1975312 0.1935579 0.1785770 0.1808315 0.1955167 0.2278161 0.2321516 0.2321516 0.1768759 0.1679694 0.1770790 0.2412513 0.2427113 0.2412513 0.2330600 0.2531788 0.2325089 0.2105172 0.2081638 0.1886878 0.1886878 0.2096697 0.2154625 0.2030728 0.2072553 0.1111154 0.1048253 0.1773036 0.1746763 0.1766221 0.1803931 0.1942580 0.1729638 0.1795494 0.1819843 0.1812804 0.1770077 0.2063875 0.2011136 0.2019298 0.1985167 0.1985167 0.1636585 0.1630473 0.1831509 0.1834277 0.1831509 0.1814302 0.1813537 0.1770077 0.1910633 0.1910633 0.1884202 0.1885257 0.2013069 0.1900349 0.1965510 0.1973244 0.2353331 0.2377193 0.2356238 0.2532393 0.1911984 0.2303423 0.2212603 0.2212603 0.1856615 0.1814655 0.1863203 0.1247319 0.0836225 0.1309566 0.0792856 0.0792856 0.0634702 0.0646309 0.1495440 0.1921794 0.1549661 0.1998522 0.1863203 0.1827925 0.1920305 0.1826930 0.1605475 0.0658367 0.0853990 0.0857175 0.1185268 
Cervus_nippon_JF893484                    0.6300175 0.2711113 0.3087715 0.3379071 0.3960406 0.3413267 0.1989704 0.2123080 0.1862874 0.1779113 0.1550790 0.2688140 0.2515333 0.2515333 0.2348599 0.2344740 0.0595489 0.0554162 0.0679086 0.0497612 0.0496629 0.0000000 0.1617306 0.1253967 0.1941625 0.0939493 0.2247260 0.2498804 0.2498804 0.2125852 0.2569191 0.2727235 0.2677265 0.2425409 0.1956700 0.2067023 0.2039884 0.1978599 0.1956443 0.2090718 0.2167477 0.2145823 0.2167477 0.2010688 0.2034189 0.2153945 0.2189281 0.2331666 0.2331666 0.1900862 0.1806925 0.1903411 0.2339111 0.2258409 0.2339111 0.2445126 0.2532367 0.2488414 0.2295186 0.2361289 0.2025686 0.2025686 0.2326351 0.2391541 0.2257803 0.2301612 0.1142753 0.1139321 0.1749031 0.1774080 0.1742213 0.1833093 0.1926653 0.1739094 0.2093775 0.1786287 0.1779333 0.1894116 0.1990095 0.1938439 0.1946261 0.1912494 0.1912494 0.1860446 0.1853009 0.1995954 0.1999010 0.1995954 0.1977980 0.1940142 0.1894116 0.2001889 0.2001889 0.2109548 0.1961713 0.2178642 0.2133455 0.2178794 0.2209136 0.2550207 0.2503752 0.2582975 0.2662139 0.2153292 0.2476054 0.2339839 0.2339839 0.1911599 0.1941510 0.2054125 0.1256167 0.0998773 0.1319124 0.0833064 0.0833064 0.0739774 0.0737194 0.1663202 0.2010819 0.1848195 0.2173560 0.1876655 0.1679934 0.1742653 0.1660546 0.1516472 0.0620781 0.0946382 0.0838240 0.1188968 
Dama_dama_AJ000022                        0.7633780 0.3273327 0.3308579 0.3258872 0.4207272 0.3312137 0.2146201 0.2379510 0.1878405 0.1703390 0.1583112 0.3004989 0.2818539 0.2818539 0.2297001 0.2226827 0.1699787 0.1622392 0.1455776 0.1357716 0.1344660 0.1617306 0.0000000 0.1320498 0.2210005 0.1312319 0.2524473 0.2365138 0.2365138 0.2421473 0.2276050 0.2492821 0.2443256 0.2518921 0.2291208 0.2203943 0.2200031 0.2330476 0.2243320 0.2453206 0.2344366 0.2345160 0.2344366 0.2222492 0.2199274 0.2311113 0.2606284 0.2413058 0.2413058 0.2065918 0.1968676 0.2022572 0.2545809 0.2846883 0.2545809 0.2574262 0.2635993 0.2467417 0.2454293 0.2471106 0.2439805 0.2439805 0.2446766 0.2453502 0.2402811 0.2405916 0.1263584 0.1214507 0.1879434 0.1888005 0.1871887 0.2006621 0.2028793 0.1886102 0.2317093 0.2003306 0.1995183 0.2236598 0.2178081 0.2121296 0.2185460 0.2148901 0.2148901 0.2150399 0.2141299 0.2167874 0.2152816 0.2167874 0.2185914 0.2250427 0.2236598 0.2116275 0.2116275 0.2107502 0.2200430 0.2307477 0.2281913 0.2320203 0.2319253 0.2698723 0.2599562 0.2606608 0.2611525 0.2501240 0.2619415 0.2539673 0.2539673 0.2269567 0.2299942 0.2414621 0.1542945 0.1343915 0.1539954 0.1488210 0.1488210 0.1515050 0.1511311 0.2054052 0.1731173 0.2167280 0.2001070 0.1779424 0.1903437 0.2239865 0.1989023 0.1864919 0.1346050 0.1502996 0.1426322 0.1700331 
Dama_mesopotamica_AY607034                0.6855487 0.3188211 0.3256578 0.3296022 0.4199282 0.3299742 0.2040419 0.2219709 0.1927568 0.1878836 0.1580062 0.2946772 0.2768340 0.2768340 0.2495678 0.2504305 0.1306140 0.1257626 0.1191411 0.1137165 0.1105604 0.1253967 0.1320498 0.0000000 0.1821844 0.1175700 0.2470551 0.2549941 0.2549941 0.2256030 0.2591185 0.2647322 0.2630743 0.2362886 0.2076440 0.2184781 0.2145146 0.2053414 0.2039092 0.2103676 0.2204069 0.2211034 0.2204069 0.2129430 0.2152285 0.2243717 0.2667088 0.2341774 0.2341774 0.2084170 0.1988122 0.2041576 0.2718890 0.2773179 0.2718890 0.2652663 0.2712495 0.2549337 0.2224453 0.2282671 0.2280005 0.2280005 0.2543651 0.2490293 0.2436658 0.2439837 0.1254400 0.1265127 0.1956970 0.1896310 0.1949156 0.2012988 0.2157559 0.1877088 0.2047818 0.2004597 0.1996554 0.2136955 0.2122969 0.2069019 0.2130637 0.2042871 0.2042871 0.1765043 0.1758235 0.1959818 0.1962791 0.1959818 0.1942128 0.2149655 0.2136955 0.1941979 0.1941979 0.1998703 0.1980550 0.2046823 0.2211120 0.1918396 0.2286640 0.2456806 0.2364075 0.2391554 0.2517828 0.2318688 0.2530771 0.2514494 0.2514494 0.1962768 0.1919538 0.1992121 0.1541195 0.1300328 0.1507268 0.1319165 0.1319165 0.1348516 0.1332991 0.1849434 0.1881491 0.1846741 0.1977700 0.1916180 0.1940237 0.2175391 0.1924483 0.1815149 0.1028427 0.1238993 0.1135594 0.1258540 
Elaphodus_cephalophus_NC008749            0.6767334 0.3358628 0.3351738 0.3355258 0.3733343 0.3289093 0.2208534 0.2886045 0.2235483 0.2089670 0.2006577 0.2862075 0.2696595 0.2696595 0.2368567 0.2356606 0.2182477 0.2070235 0.1887081 0.2062954 0.2068316 0.1941625 0.2210005 0.1821844 0.0000000 0.1590210 0.2468791 0.2491661 0.2491661 0.2322281 0.2454339 0.2592249 0.2541206 0.2126887 0.2213228 0.2214224 0.2110393 0.2200627 0.2143418 0.2317008 0.2376929 0.2084888 0.2376929 0.2250308 0.2273760 0.2376428 0.2547923 0.2398292 0.2398292 0.2205384 0.2104732 0.2209167 0.2559311 0.2658173 0.2559311 0.2385227 0.2374236 0.2354473 0.2174398 0.2216680 0.2251280 0.2251280 0.2421604 0.2451881 0.2356523 0.2359565 0.1640424 0.1663169 0.1819792 0.1851725 0.1835839 0.1986520 0.2058328 0.1815429 0.1754538 0.1527008 0.1542168 0.1743962 0.1786407 0.1738618 0.1771369 0.1764462 0.1764462 0.1570391 0.1585939 0.1709671 0.1712299 0.1709671 0.1692586 0.1753677 0.1743962 0.1915710 0.1915710 0.1969674 0.2023587 0.2126288 0.2149253 0.2043109 0.2226717 0.2535261 0.2487607 0.2518149 0.2622093 0.2198571 0.2693248 0.2640102 0.2640102 0.2180620 0.2275128 0.2367296 0.1954808 0.1948735 0.1967678 0.2004686 0.2004686 0.2061478 0.2064988 0.1641651 0.1882505 0.1654841 0.2002325 0.1795058 0.1836257 0.1882124 0.1713920 0.1676051 0.1617923 0.2041212 0.1909748 0.1883904 
Elaphurus_davidianus_AF423194             0.6605610 0.2640332 0.2760763 0.2895196 0.3691769 0.3037050 0.1831624 0.2236453 0.1643162 0.1513373 0.1280619 0.2631988 0.2520740 0.2520740 0.1990475 0.1997074 0.0953850 0.0888575 0.0750209 0.0847130 0.0819249 0.0939493 0.1312319 0.1175700 0.1590210 0.0000000 0.2089454 0.2295635 0.2295635 0.2117624 0.2449305 0.2479349 0.2476548 0.1999652 0.1950684 0.1989678 0.1750836 0.1711094 0.1760096 0.1814837 0.1872584 0.1991609 0.1872584 0.1898068 0.1920674 0.2019519 0.2052921 0.2022093 0.2022093 0.1881340 0.1834030 0.1928895 0.2144941 0.2267360 0.2144941 0.2174821 0.2307532 0.2122632 0.2089194 0.2117616 0.2032415 0.2032415 0.2115301 0.2202763 0.2079153 0.2081391 0.1044331 0.0941334 0.1636896 0.1660485 0.1630772 0.1749084 0.1850668 0.1627890 0.1870252 0.1683131 0.1676787 0.1585710 0.1726333 0.1680614 0.1737234 0.1705762 0.1705762 0.1777959 0.1771091 0.1675824 0.1678371 0.1675824 0.1658988 0.1626897 0.1585710 0.1741959 0.1741959 0.1811951 0.1651690 0.1788953 0.2011931 0.1857672 0.2086118 0.2532401 0.2486506 0.2467065 0.2643278 0.2038172 0.2202335 0.2152771 0.2152771 0.1860907 0.1854651 0.1941780 0.1283010 0.0624486 0.1280810 0.0779027 0.0779027 0.0782446 0.0766179 0.1621772 0.1749045 0.1901970 0.1912816 0.1735184 0.1841632 0.2021180 0.1785635 0.1704468 0.0903571 0.1075185 0.1113583 0.1258611 
Hippocamelus_antisensis_DQ379307          0.8221191 0.3519223 0.4034577 0.3618830 0.4310958 0.3572534 0.1977363 0.2391896 0.2477715 0.2576158 0.2236668 0.1562412 0.1467204 0.1467204 0.2352902 0.2524067 0.2324494 0.2216021 0.2165925 0.2138098 0.2144155 0.2247260 0.2524473 0.2470551 0.2468791 0.2089454 0.0000000 0.1239094 0.1239094 0.0000010 0.1584653 0.1513401 0.1512124 0.2566515 0.1889858 0.1751259 0.1658422 0.1503844 0.1401259 0.1595970 0.1829817 0.1722205 0.1829817 0.1744115 0.1765029 0.1829828 0.1404702 0.1288894 0.1288894 0.1769822 0.1727311 0.1771719 0.1476479 0.1491480 0.1476479 0.1327962 0.1504092 0.1363362 0.1559918 0.1678109 0.1839906 0.1839906 0.1845926 0.1797243 0.1782727 0.1784178 0.2158526 0.2097170 0.2327210 0.2319866 0.2316047 0.2495239 0.2629024 0.2311599 0.2239052 0.2441416 0.2429707 0.2220280 0.2607380 0.2535117 0.2547738 0.2504272 0.2504272 0.2190508 0.2180376 0.2466061 0.2449406 0.2466061 0.2445417 0.2275252 0.2220280 0.2394291 0.2394291 0.2397532 0.1558014 0.1629291 0.1662460 0.1667897 0.1726831 0.0894767 0.0858237 0.0864306 0.0930342 0.1677300 0.1597725 0.1481559 0.1481559 0.1933923 0.1966295 0.1989923 0.2115606 0.2198899 0.2034659 0.2269000 0.2269000 0.2448149 0.2385463 0.1428426 0.1788690 0.1503766 0.1411962 0.2183230 0.1333534 0.1273080 0.1381325 0.1214605 0.2066520 0.2354981 0.1603961 0.1899117 
Hippocamelus_antisensis_JN632646          0.8450034 0.3539767 0.3418453 0.3519186 0.3740366 0.3267303 0.2367757 0.2201715 0.2546285 0.2306317 0.2020566 0.1544006 0.1473557 0.1473557 0.2690951 0.2824900 0.2650484 0.2532004 0.2417427 0.2323010 0.2329863 0.2498804 0.2365138 0.2549941 0.2491661 0.2295635 0.1239094 0.0000000 0.0000010 0.1226702 0.0688489 0.0654423 0.0654013 0.2835221 0.1699441 0.1742116 0.1689698 0.1655095 0.1569542 0.1753024 0.1715397 0.1761055 0.1715397 0.1776716 0.1797813 0.1808374 0.1572154 0.0796079 0.0796079 0.1719020 0.1677278 0.1762643 0.1531460 0.1676292 0.1531460 0.1588123 0.1533805 0.1585382 0.1830601 0.1804203 0.1631821 0.1631821 0.1891545 0.1842479 0.1826913 0.1828461 0.2389077 0.2301218 0.2474128 0.2488643 0.2462150 0.2691134 0.2718930 0.2477879 0.2740297 0.2366174 0.2355006 0.2357470 0.2484486 0.2415847 0.2427556 0.2385617 0.2385617 0.2425567 0.2413811 0.2308339 0.2291782 0.2308339 0.2288018 0.2373853 0.2357470 0.2540015 0.2540015 0.2529911 0.1573146 0.1638527 0.1698271 0.1700561 0.1763128 0.1126981 0.1126981 0.1118125 0.1130919 0.1640271 0.1757522 0.1763502 0.1763502 0.2054512 0.2047629 0.2095553 0.2052307 0.2417032 0.1973112 0.2735315 0.2735315 0.2345891 0.2360680 0.1355800 0.1171424 0.1472983 0.0959725 0.2091855 0.1446786 0.1414048 0.1319741 0.1324103 0.2554090 0.2895207 0.1899102 0.1804555 
Hippocamelus_antisensis_470235226         0.8450034 0.3539767 0.3418453 0.3519186 0.3740366 0.3267303 0.2367757 0.2201715 0.2546285 0.2306317 0.2020566 0.1544006 0.1473557 0.1473557 0.2690951 0.2824900 0.2650484 0.2532004 0.2417427 0.2323010 0.2329863 0.2498804 0.2365138 0.2549941 0.2491661 0.2295635 0.1239094 0.0000010 0.0000000 0.1226702 0.0688489 0.0654423 0.0654013 0.2835221 0.1699441 0.1742116 0.1689698 0.1655095 0.1569542 0.1753024 0.1715397 0.1761055 0.1715397 0.1776716 0.1797813 0.1808374 0.1572154 0.0796079 0.0796079 0.1719020 0.1677278 0.1762643 0.1531460 0.1676292 0.1531460 0.1588123 0.1533805 0.1585382 0.1830601 0.1804203 0.1631821 0.1631821 0.1891545 0.1842479 0.1826913 0.1828461 0.2389077 0.2301218 0.2474128 0.2488643 0.2462150 0.2691134 0.2718930 0.2477879 0.2740297 0.2366174 0.2355006 0.2357470 0.2484486 0.2415847 0.2427556 0.2385617 0.2385617 0.2425567 0.2413811 0.2308339 0.2291782 0.2308339 0.2288018 0.2373853 0.2357470 0.2540015 0.2540015 0.2529911 0.1573146 0.1638527 0.1698271 0.1700561 0.1763128 0.1126981 0.1126981 0.1118125 0.1130919 0.1640271 0.1757522 0.1763502 0.1763502 0.2054512 0.2047629 0.2095553 0.2052307 0.2417032 0.1973112 0.2735315 0.2735315 0.2345891 0.2360680 0.1355800 0.1171424 0.1472983 0.0959725 0.2091855 0.1446786 0.1414048 0.1319741 0.1324103 0.2554090 0.2895207 0.1899102 0.1804555 
